100
2
2 1 5
2 0 3
1 4 4
1 6 3
4
3 0 24
2 0 24
4 0 24
4 0 24
2 0 24
1 0 24
3 0 24
1 0 24
3
2 0 31
3 0 37
1 0 41
3 0 43
1 0 47
2 0 53
14
2 23 123
3 10 934
3 1 963
4 0 736
4 14 566
5 5 933
5 8 205
6 23 405
6 23 313
7 13 514
7 6 133
8 21 96
8 9 663
9 20 93
9 12 692
10 23 465
10 15 749
11 20 334
11 7 460
12 16 967
12 20 113
13 14 161
13 4 624
14 22 355
14 4 560
1 5 799
1 1 842
2 15 44
5
2 4 13
5 8 531
1 11 353
3 9 1
2 13 591
4 2 8
3 6 5
5 23 22
4 20 438
1 10 793
4
2 6 597
3 21 10
3 13 158
4 22 556
4 12 339
1 6 344
1 17 635
2 7 947
10
8 6 143
9 22 696
7 23 384
10 16 223
1 3 524
5 9 266
7 14 645
5 8 760
4 9 148
6 20 654
2 20 639
9 0 536
6 9 181
8 12 884
1 0 925
3 6 457
10 15 884
4 6 30
3 3 806
2 18 312
8
2 14 147
2 23 783
3 9 321
3 15 658
4 16 461
4 23 480
5 16 821
5 22 530
6 17 123
6 22 670
7 1 680
7 10 503
8 21 71
8 6 315
1 15 591
1 2 828
15
2 7 472
2 19 93
3 18 212
3 15 293
4 23 419
4 18 193
5 1 704
5 12 406
6 5 873
6 15 917
7 20 401
7 19 63
8 15 434
8 11 864
9 13 755
9 23 742
10 0 637
10 5 285
11 2 21
11 6 8
12 17 58
12 5 778
13 16 679
13 6 41
14 16 306
14 10 169
15 14 606
15 10 388
1 12 439
1 19 262
9
3 5 886
5 8 498
7 13 650
7 15 669
9 6 863
6 17 567
9 16 583
8 20 15
1 12 115
6 23 457
3 21 545
5 7 686
4 7 433
8 14 536
2 20 909
2 2 372
1 0 315
4 20 741
2
2 0 2
2 6 2
1 3 2
1 9 2
2
2 15 2
2 21 2
1 0 2
1 18 2
4
2 5 150
3 3 711
3 12 387
4 3 918
4 11 105
1 17 107
1 17 418
2 4 540
14
2 9 746
3 13 691
3 17 88
4 15 779
4 9 578
5 7 904
5 16 62
6 9 677
6 10 629
7 1 413
7 15 770
8 1 458
8 21 754
9 8 863
9 12 490
10 4 503
10 11 844
11 2 140
11 6 478
12 22 730
12 8 363
13 3 225
13 23 283
14 9 533
14 10 283
1 13 837
1 19 607
2 9 919
6
4 9 407
5 8 762
6 14 563
6 0 282
4 11 203
2 21 249
1 4 637
3 21 340
1 17 398
2 22 175
3 17 620
5 23 645
15
11 22 573
8 23 639
13 23 19
4 3 275
1 13 731
12 20 924
2 19 21
9 21 860
9 1 9
13 21 140
5 23 727
15 12 9
3 17 862
12 12 481
1 10 14
14 10 149
10 9 1
7 16 550
3 13 13
2 3 141
10 18 16
4 23 741
6 12 18
14 5 571
11 19 7
5 23 564
7 11 21
15 18 908
6 13 257
8 16 15
15
2 9 166
15 19 113
1 6 546
3 13 15
2 14 6
4 1 583
3 2 710
5 8 347
4 9 930
6 16 574
5 23 136
7 7 810
6 16 911
8 23 450
7 15 316
9 10 527
8 14 885
10 15 449
9 3 542
11 20 19
10 23 16
12 13 50
11 13 83
13 13 630
12 17 377
14 19 860
13 17 745
15 12 935
14 8 4
1 9 197
12
9 11 8
6 20 642
10 13 212
6 1 520
2 0 254
2 14 183
12 6 232
10 20 788
11 22 377
8 1 23
8 23 709
5 15 50
1 14 337
11 18 885
3 8 348
3 22 80
1 13 394
12 23 941
7 18 866
4 11 58
5 2 472
7 23 640
9 14 716
4 1 827
9
2 14 46
2 19 875
3 15 445
3 7 370
4 6 247
4 2 198
5 19 501
5 10 35
6 3 351
6 9 823
7 21 724
7 17 671
8 15 577
8 17 170
9 9 523
9 4 841
1 21 777
1 22 642
15
14 9 13
11 22 685
3 23 4
9 6 795
4 13 23
6 8 684
15 22 309
15 3 938
4 9 857
1 6 2
8 16 120
3 22 493
8 9 380
12 21 16
14 2 413
7 9 3
12 6 525
2 0 2
13 5 2
13 23 328
6 3 286
5 9 825
2 0 605
11 2 748
5 23 489
10 10 552
9 20 4
1 2 855
7 8 18
10 20 151
2
2 20 835
2 15 263
1 14 775
1 2 134
14
5 6 490
4 20 34
4 0 199
9 9 647
13 13 323
13 1 323
14 7 181
1 5 28
1 14 465
12 19 22
12 11 268
10 17 947
9 22 221
2 18 762
5 22 104
11 5 933
11 17 752
7 6 942
3 8 279
6 14 838
2 3 411
8 1 848
14 12 15
3 11 587
6 7 137
10 16 692
8 9 736
7 10 153
2
2 18 2
2 21 2
1 0 2
1 21 2
10
8 9 671
4 2 578
1 8 958
5 10 334
9 2 6
10 2 603
2 11 195
2 6 506
10 9 549
7 17 488
8 9 583
7 21 4
6 4 227
4 21 36
9 15 693
6 1 671
1 17 958
3 9 114
3 5 33
5 17 911
10
2 4 224
10 7 739
9 21 389
6 6 936
7 7 285
7 1 761
2 19 730
3 18 636
1 1 5
1 5 461
8 3 9
10 9 724
8 0 8
6 1 117
4 15 172
4 11 317
5 20 930
5 20 102
3 23 17
9 9 18
15
14 12 107
2 3 251
11 5 199
5 3 221
6 13 737
9 6 955
3 13 686
11 1 497
8 6 615
1 5 843
2 4 154
13 2 16
15 13 363
15 11 227
4 12 595
12 22 753
10 3 901
10 3 231
7 13 264
4 17 27
1 2 359
9 17 103
6 23 935
14 10 191
5 5 435
8 12 621
3 1 894
12 20 434
13 8 26
7 19 653
5
2 23 3
5 14 555
1 23 338
3 13 190
2 17 146
4 3 208
3 23 141
5 4 511
4 13 587
1 0 384
13
3 13 736
4 3 844
6 4 174
8 13 446
1 8 325
7 11 10
12 4 54
1 11 331
11 5 482
7 10 854
3 18 183
10 6 947
13 19 263
5 22 106
9 23 1
2 5 8
10 12 810
5 12 100
13 6 910
11 7 370
4 8 533
9 2 864
2 5 97
8 11 335
6 3 505
12 8 556
14
14 4 656
10 3 275
11 0 13
12 9 699
13 5 451
7 12 787
9 17 12
8 0 11
8 20 452
11 21 410
9 21 30
5 9 435
2 19 16
3 8 578
10 7 15
14 14 636
4 17 311
2 4 911
12 9 666
5 16 506
6 1 7
7 20 544
4 0 20
13 8 646
1 19 20
3 2 18
6 9 4
1 0 785
5
2 23 918
2 8 192
3 11 673
3 9 9
4 17 49
4 2 967
5 8 546
5 16 740
1 21 265
1 5 26
13
12 4 711
4 19 888
9 16 858
9 17 746
5 15 897
2 19 74
2 20 956
3 16 306
11 8 551
3 5 28
7 19 633
8 3 1
1 23 167
6 2 830
10 18 81
12 6 9
7 7 748
5 11 380
13 15 300
6 8 14
4 23 846
10 2 627
1 10 488
13 17 665
11 11 110
8 7 785
13
7 2 176
13 3 23
4 2 485
6 17 816
9 12 884
10 8 232
10 15 612
8 12 887
6 7 788
11 4 393
13 17 134
4 4 394
1 2 519
9 5 404
11 11 838
3 12 142
7 0 435
3 6 20
12 8 522
12 2 639
2 9 228
8 11 592
5 23 827
2 6 358
1 15 725
5 17 205
2
2 4 625
2 7 9
1 0 239
1 7 486
8
5 23 387
8 21 393
1 15 799
6 21 21
4 23 409
7 15 276
7 2 969
2 14 678
3 8 797
4 3 202
2 2 774
8 21 179
6 3 799
5 10 669
3 1 881
1 8 659
5
4 9 720
2 5 60
4 8 301
5 19 71
2 8 398
1 9 483
1 14 767
5 6 415
3 5 961
3 15 156
15
14 1 659
10 22 886
3 8 828
12 11 354
10 23 792
2 14 20
8 13 456
13 4 98
11 16 837
7 18 6
15 6 761
8 10 204
4 10 21
9 3 597
4 18 583
6 11 694
7 6 818
11 21 850
5 23 327
1 22 799
13 17 14
5 10 487
14 13 446
3 1 741
1 21 99
15 0 23
6 0 922
12 7 155
2 23 927
9 5 683
15
2 15 209
15 12 817
1 18 249
3 2 665
2 3 424
4 12 872
3 17 88
5 12 378
4 9 510
6 21 392
5 13 267
7 17 206
6 18 188
8 14 2
7 16 75
9 21 832
8 3 448
10 19 362
9 18 676
11 11 653
10 1 756
12 1 693
11 19 191
13 22 852
12 15 893
14 18 207
13 20 956
15 0 149
14 11 658
1 15 637
12
4 4 904
6 6 71
8 20 611
12 8 110
8 2 978
7 16 736
1 8 359
12 13 194
11 9 647
9 19 747
5 17 70
2 2 309
4 22 563
11 20 203
10 16 21
3 5 58
6 8 878
5 6 831
7 2 822
9 15 808
2 0 687
10 15 267
3 3 406
1 21 536
15
15 17 21
2 9 446
7 22 253
1 1 13
13 11 775
7 19 392
6 8 263
8 6 651
9 13 928
9 22 77
3 11 851
15 17 60
14 22 246
4 6 206
1 15 14
12 5 278
8 2 353
2 2 81
4 4 208
11 12 9
10 1 511
3 12 287
13 0 697
14 16 198
10 19 69
5 12 535
5 2 53
6 12 26
12 13 218
11 3 603
7
2 9 821
7 4 837
1 14 786
3 3 210
2 12 186
4 18 10
3 3 16
5 5 542
4 8 321
6 21 978
5 17 14
7 14 831
6 17 812
1 3 836
4
2 17 9
2 13 878
3 19 643
3 10 880
4 11 677
4 19 750
1 3 592
1 20 404
10
8 0 907
4 10 27
4 3 576
10 7 130
8 19 106
10 0 152
1 0 782
5 5 709
2 14 61
7 20 486
7 14 323
5 5 53
2 9 221
6 2 923
9 22 127
3 18 850
1 1 818
6 22 364
3 13 609
9 22 961
9
8 9 548
7 11 686
8 7 295
5 19 777
9 19 770
5 13 599
6 16 327
6 5 762
3 19 108
2 2 8
7 16 422
4 6 297
3 17 934
9 3 459
1 0 444
4 13 133
2 18 837
1 3 798
15
11 8 7
13 10 926
8 18 887
7 3 961
4 19 296
6 0 270
2 20 192
12 5 282
7 5 3
9 0 13
8 10 243
10 5 424
12 10 886
6 10 252
13 9 883
2 16 599
14 21 15
14 3 357
11 0 15
5 22 75
1 0 632
15 14 338
3 13 323
10 5 15
5 17 62
3 1 574
15 18 363
9 11 303
1 17 20
4 15 280
15
2 6 477
12 23 632
1 10 312
9 7 939
12 21 50
5 10 97
14 18 3
10 19 11
3 14 109
15 15 482
8 7 405
14 23 706
11 22 693
10 16 549
13 20 932
6 11 904
2 16 492
13 22 514
7 0 786
4 9 44
15 11 537
7 22 225
1 0 99
3 22 307
9 8 7
8 17 192
6 13 966
4 1 175
5 18 834
11 22 602
2
2 0 2
2 3 2
1 3 2
1 6 2
8
5 4 970
6 21 303
8 12 779
8 1 271
4 8 5
1 11 441
2 17 220
7 5 104
7 5 570
4 15 413
3 12 792
5 9 207
2 14 860
3 6 243
1 17 919
6 18 564
15
2 15 529
2 1 215
3 14 66
3 5 10
4 19 480
4 11 267
5 19 283
5 18 12
6 23 320
6 10 890
7 9 151
7 6 803
8 2 218
8 8 722
9 18 140
9 7 789
10 5 87
10 18 206
11 19 613
11 22 798
12 3 181
12 22 402
13 0 857
13 15 295
14 8 751
14 19 195
15 21 537
15 5 407
1 11 612
1 5 271
8
2 14 8
3 5 241
1 2 654
4 13 753
1 1 184
5 19 898
2 0 75
8 9 362
3 2 764
7 4 1
8 11 243
7 17 688
6 12 386
5 6 344
4 12 399
6 15 641
15
11 3 497
6 18 683
11 13 468
10 6 472
1 4 156
8 11 549
2 5 816
7 20 267
14 18 153
2 4 104
3 16 676
14 9 412
5 0 300
12 18 667
13 10 938
13 7 276
1 18 218
12 14 933
6 1 365
5 6 19
9 5 747
4 21 906
15 17 590
4 12 854
15 3 925
3 15 787
10 5 477
7 18 874
9 10 413
8 23 869
15
7 19 151
15 0 76
14 9 564
4 23 671
9 14 510
11 15 730
2 7 144
13 23 419
12 17 681
9 10 459
10 5 50
13 8 3
1 10 10
12 23 683
11 3 490
14 15 18
5 18 814
3 21 902
15 20 801
6 5 786
3 22 869
8 8 732
7 13 910
5 3 835
4 15 12
6 19 849
8 7 724
2 16 362
1 4 684
10 10 301
4
2 22 556
3 0 191
3 14 930
4 19 445
4 11 560
1 7 592
1 12 833
2 6 300
15
11 0 808
4 20 163
1 12 614
3 0 804
5 10 327
2 14 563
8 10 903
1 14 368
13 6 668
15 22 735
12 20 353
13 15 361
9 8 831
15 17 585
11 6 254
10 21 720
4 5 703
5 8 162
14 14 926
7 7 643
2 2 590
3 3 474
7 5 511
14 16 195
6 3 613
6 20 84
9 21 426
12 21 20
10 10 59
8 23 19
12
11 3 790
7 13 452
8 9 18
12 14 589
9 12 732
4 17 857
5 13 697
3 3 394
10 6 391
1 15 721
2 2 772
11 21 635
4 21 625
5 13 51
10 7 927
6 1 190
12 16 411
8 9 547
9 1 686
7 18 719
3 3 497
6 12 560
1 23 7
2 10 723
11
2 11 9
7 3 47
1 18 490
7 19 834
8 9 756
4 1 149
6 2 937
11 9 233
2 6 392
9 4 848
10 0 192
4 6 302
6 5 194
5 15 465
5 3 290
10 20 738
11 11 770
1 13 98
9 3 421
8 2 709
3 13 186
3 9 348
9
2 6 224
9 15 206
1 12 813
3 14 655
2 7 23
4 17 195
3 10 46
5 1 758
4 15 857
6 17 264
5 23 401
7 5 53
6 3 600
8 8 965
7 14 281
9 10 297
8 4 524
1 6 689
4
3 0 458
4 22 868
3 10 126
4 14 825
1 21 911
2 9 521
1 22 793
2 1 851
6
3 13 30
6 23 490
6 12 510
5 19 422
5 21 21
2 8 898
2 4 66
1 15 606
4 16 118
3 1 739
1 4 651
4 10 850
15
2 7 470
2 18 490
3 0 15
3 13 18
4 18 479
4 9 819
5 22 267
5 15 154
6 11 408
6 16 800
7 15 937
7 5 692
8 17 526
8 12 256
9 5 206
9 0 149
10 22 219
10 11 937
11 23 820
11 8 15
12 10 778
12 0 196
13 0 18
13 4 73
14 7 875
14 20 600
15 21 143
15 19 639
1 23 522
1 18 417
15
2 19 962
7 17 679
3 10 19
14 21 40
1 2 208
13 16 955
10 21 203
7 15 596
12 8 425
9 19 456
3 1 380
5 5 724
12 22 457
15 8 637
2 12 774
14 3 918
5 19 456
6 14 686
13 12 591
15 12 957
10 23 113
8 3 19
4 3 179
9 0 418
6 7 335
4 18 936
8 0 806
11 12 778
11 4 820
1 15 352
15
12 3 621
13 10 419
9 22 632
1 3 556
6 16 511
5 22 691
1 17 482
15 7 483
3 23 141
7 14 708
7 14 211
12 17 777
13 12 963
5 6 836
2 8 810
15 14 508
14 1 672
10 7 120
11 12 764
9 5 301
3 1 937
14 7 441
11 0 148
6 15 288
4 19 145
2 1 604
10 0 718
8 3 68
8 7 506
4 12 699
15
2 8 3
10 23 55
13 9 417
14 13 900
10 14 159
15 1 223
3 23 868
9 2 461
4 9 2
1 2 809
7 4 876
8 16 180
6 15 676
9 21 457
11 5 48
3 0 832
12 22 3
11 15 846
15 11 4
6 4 14
7 7 4
4 1 791
8 9 461
1 17 514
5 0 407
12 12 3
5 7 23
2 23 17
14 23 12
13 11 168
5
2 4 301
2 11 827
3 8 367
4 18 555
5 11 176
5 4 455
3 18 136
1 23 438
4 19 550
1 7 545
2
2 21 447
2 11 272
1 16 640
1 6 705
15
6 2 511
2 20 827
12 8 795
6 20 817
14 6 524
9 18 590
5 0 8
2 14 724
7 16 23
1 12 57
4 14 602
12 5 519
3 23 2
13 22 273
10 2 113
9 11 890
11 8 26
15 9 91
15 6 282
3 20 592
10 22 6
5 13 313
1 7 10
13 17 535
14 5 23
8 10 442
4 13 454
11 3 855
8 15 19
7 1 751
6
3 10 73
3 16 40
6 4 752
6 16 614
2 14 384
5 10 603
1 4 900
2 13 417
4 10 917
4 16 619
5 10 189
1 16 334
3
2 10 669
3 23 796
1 5 35
3 3 585
2 12 16
1 4 578
10
2 18 849
3 5 384
3 4 470
4 23 35
4 12 714
5 1 120
5 4 326
6 9 681
6 7 219
7 22 738
7 5 117
8 13 643
8 20 807
9 9 108
9 6 840
10 9 352
10 21 199
1 17 514
1 2 127
2 13 112
13
10 12 428
11 19 527
11 18 560
9 4 513
6 22 404
5 8 22
13 6 348
12 9 134
8 2 275
12 23 632
10 10 827
7 4 261
3 15 18
8 19 265
7 3 493
2 14 853
4 6 828
4 14 785
1 15 77
9 3 468
1 1 447
2 16 637
5 20 179
13 6 396
6 4 725
3 3 892
2
2 15 248
2 16 627
1 3 575
1 20 447
7
4 18 508
2 14 574
7 16 703
4 3 577
5 10 468
6 5 266
5 0 53
2 7 796
1 23 357
6 21 376
3 3 615
7 12 833
1 15 636
3 0 319
4
2 12 158
3 1 407
3 14 132
4 9 610
4 2 813
1 1 454
1 3 870
2 20 927
15
2 11 963
2 9 564
3 15 695
3 16 23
4 0 267
4 6 496
5 22 365
5 14 332
6 11 298
6 9 69
7 8 17
7 12 203
8 18 589
8 0 171
9 10 886
9 6 721
10 5 19
10 3 16
11 20 887
11 5 448
12 14 63
12 20 473
13 11 576
13 15 866
14 14 187
14 21 15
15 9 528
15 11 304
1 14 946
1 8 530
5
2 12 69
5 2 527
1 18 528
3 17 21
2 16 18
4 20 438
3 5 133
5 1 567
4 6 149
1 23 655
10
10 21 886
6 3 544
4 6 944
3 22 811
6 13 146
9 12 850
5 2 482
2 23 64
3 2 609
2 1 13
1 17 343
9 0 824
10 3 956
8 8 467
7 1 618
4 22 88
5 9 301
8 0 408
1 21 614
7 10 19
2
2 17 600
2 10 144
1 9 405
1 15 694
5
3 9 812
4 15 736
1 16 477
5 10 200
4 1 280
5 22 800
1 11 441
2 11 731
3 8 616
2 20 521
11
2 3 856
2 2 526
3 7 21
3 6 9
4 16 189
4 10 682
5 6 818
5 15 523
6 21 511
6 9 135
7 19 325
7 1 227
8 12 730
8 9 684
9 8 884
9 13 31
10 15 746
10 2 523
11 23 19
11 3 250
1 9 13
1 13 988
4
2 0 11
3 0 11
1 12 11
4 6 11
1 12 11
4 6 11
2 18 11
3 18 11
9
7 8 539
6 20 841
8 11 120
4 18 416
9 16 158
8 20 935
3 18 641
7 5 450
2 14 216
6 18 872
9 18 168
5 19 698
1 21 728
2 6 831
5 15 290
3 2 113
1 13 216
4 2 927
6
2 6 51
3 22 487
3 7 17
6 11 410
1 14 175
6 3 319
5 23 115
5 11 909
1 17 873
4 4 576
4 11 342
2 16 958
5
2 23 210
5 9 17
3 13 372
5 3 531
4 13 209
1 4 2
1 0 857
2 8 69
3 3 196
4 7 448
15
2 0 380
15 10 733
1 16 783
3 18 513
2 1 880
4 6 581
3 0 463
5 15 623
4 0 359
6 20 841
5 12 874
7 6 352
6 20 36
8 19 220
7 9 366
9 8 730
8 12 20
10 4 867
9 22 463
11 1 951
10 1 959
12 13 493
11 7 73
13 5 603
12 14 40
14 17 628
13 13 411
15 12 303
14 1 676
1 21 116
11
4 17 468
11 22 160
7 22 130
5 15 448
1 14 359
2 17 407
1 15 150
6 4 547
7 13 28
10 8 867
10 14 255
3 4 708
9 5 827
8 12 482
3 0 388
9 5 15
8 16 848
2 18 379
4 0 18
11 10 620
5 0 610
6 8 862
14
12 16 935
13 21 831
3 20 206
3 22 212
10 22 286
2 15 558
13 20 825
6 17 8
8 19 84
11 12 925
7 18 103
14 6 363
9 7 518
4 17 91
2 15 805
11 10 423
5 3 900
5 20 805
1 5 878
6 6 385
4 9 967
7 14 334
1 8 282
14 18 789
10 0 224
8 9 795
12 20 201
9 12 198
14
2 21 324
3 9 896
3 17 752
4 0 81
4 10 409
5 22 508
5 10 534
6 4 534
6 11 407
7 18 445
7 17 947
8 2 619
8 10 784
9 6 973
9 18 585
10 0 536
10 19 930
11 11 946
11 8 911
12 11 580
12 20 597
13 22 685
13 19 181
14 16 625
14 3 194
1 10 357
1 22 113
2 9 346
3
2 2 521
3 16 463
1 23 829
3 17 526
2 17 286
1 5 762
2
2 14 208
2 0 220
1 2 501
1 5 549
11
2 17 726
11 13 943
1 23 930
3 17 402
2 21 1
4 6 100
3 23 600
5 6 780
4 15 134
6 11 860
5 2 108
7 12 799
6 1 834
8 0 311
7 9 581
9 10 868
8 16 732
10 15 502
9 10 825
11 0 843
10 10 526
1 0 635
10
5 16 730
7 1 910
6 9 373
8 15 384
1 21 552
4 8 781
6 0 180
8 14 538
3 3 583
9 1 595
3 13 807
10 2 844
9 2 415
2 4 378
7 0 696
10 4 22
1 13 327
5 2 631
2 18 666
4 4 194
2
2 10 959
2 18 510
1 20 3
1 19 455
14
4 0 744
5 4 770
8 16 861
3 19 332
14 21 928
5 11 227
1 4 627
10 3 298
6 10 676
12 23 910
1 10 377
7 6 616
14 8 157
9 3 19
6 12 259
10 6 6
4 15 848
11 20 935
9 2 722
11 0 511
2 3 232
7 10 335
8 6 697
13 19 782
12 23 19
2 5 540
13 15 489
3 12 65
15
9 19 880
6 6 484
14 5 550
8 18 524
11 18 186
10 4 826
1 7 862
14 16 16
7 10 61
13 3 231
2 11 198
15 8 968
11 14 558
5 14 906
15 20 323
5 3 158
1 1 497
7 13 101
2 11 609
3 5 553
9 14 587
13 9 842
4 20 671
4 0 611
3 14 179
6 4 288
8 7 666
12 21 817
12 20 418
10 7 99
15
4 1 6
12 12 684
8 5 512
5 12 169
9 6 401
7 14 119
1 7 476
11 15 538
2 13 163
10 8 764
15 13 436
14 6 68
3 8 487
13 2 18
11 23 855
2 11 30
12 22 606
3 2 679
5 10 98
14 12 764
4 2 390
8 22 461
1 7 273
9 2 583
7 10 10
15 19 806
10 20 77
6 7 166
13 16 48
6 1 392
6
3 11 685
5 8 181
5 3 46
4 23 205
1 17 14
6 5 6
2 3 21
6 13 30
3 4 3
4 23 453
2 2 722
1 18 447
14
2 21 843
3 22 81
3 10 131
4 23 405
4 23 244
5 20 213
5 1 923
6 17 774
6 12 271
7 16 935
7 20 884
8 0 916
8 5 974
9 22 27
9 15 804
10 3 208
10 10 859
11 2 688
11 6 427
12 0 683
12 23 917
13 12 272
13 15 36
14 8 334
14 10 960
1 21 346
1 7 700
2 17 528
12
7 6 676
8 10 8
10 19 227
1 5 700
11 11 858
5 11 235
8 10 399
6 1 209
3 20 776
4 14 12
5 3 628
3 16 854
6 23 326
12 9 846
9 13 422
11 22 552
2 5 507
10 11 338
12 12 155
7 14 397
4 6 258
2 0 410
1 22 710
9 3 797
12
10 4 807
11 18 107
8 17 665
3 16 325
6 12 900
1 22 913
8 16 248
9 10 367
9 19 87
4 13 217
11 1 450
3 11 776
1 0 927
12 3 711
10 9 850
5 18 251
4 15 255
5 6 742
12 9 591
6 6 885
2 4 935
2 6 704
7 17 511
7 19 315
5
5 7 432
2 6 358
1 6 822
3 17 722
2 22 762
1 11 860
3 13 832
5 6 322
4 3 450
4 12 863
10
2 2 62
3 8 740
3 0 974
4 20 641
4 9 702
5 16 386
5 18 764
6 14 344
6 5 231
7 16 675
7 18 214
8 21 881
8 10 638
9 18 370
9 19 902
10 4 539
10 11 540
1 5 73
1 10 472
2 17 244
