100
2
2 1 5
2 0 3
1 4 4
1 6 3
4
3 0 24
2 0 24
4 0 24
4 0 24
2 0 24
1 0 24
3 0 24
1 0 24
2
2 1 672
2 3 996
1 7 471
1 9 592
4
2 0 965
3 18 530
3 6 651
4 15 558
4 8 959
1 15 436
1 6 821
2 8 47
15
6 22 483
15 19 357
8 6 495
7 9 944
4 5 618
7 3 240
14 20 957
5 5 18
12 5 493
8 9 838
1 1 457
14 20 23
3 22 678
12 5 878
5 18 710
2 2 774
13 22 179
11 22 533
11 11 385
15 8 547
9 7 864
10 6 813
3 15 865
2 17 839
6 18 825
9 0 972
13 9 951
4 19 831
1 23 742
10 6 843
14
10 19 302
9 11 350
6 12 678
12 2 243
7 15 311
5 10 575
12 22 288
7 4 851
2 13 713
4 3 602
10 8 708
3 21 694
8 11 137
14 15 803
1 18 451
11 6 365
5 7 472
8 20 278
1 2 356
4 1 242
14 4 735
2 12 445
9 14 580
13 3 137
11 18 2
6 1 437
3 23 381
13 9 546
2
2 18 2
2 21 2
1 0 2
1 21 2
3
3 4 942
2 21 843
1 1 403
3 23 125
2 6 1
1 13 441
15
2 20 874
2 18 833
3 18 597
3 9 356
4 19 437
4 11 833
5 0 472
5 1 923
6 14 533
6 5 286
7 8 45
7 22 17
8 7 864
8 19 149
9 12 195
9 6 241
10 7 416
10 12 766
11 6 195
11 12 750
12 10 336
12 16 5
13 7 683
13 17 290
14 12 408
14 0 382
15 20 401
15 0 157
1 23 899
1 16 411
2
2 0 2
2 6 2
1 3 2
1 9 2
5
2 3 754
5 10 528
3 8 453
5 19 457
4 3 699
2 1 722
1 2 979
1 10 236
3 2 962
4 11 685
12
3 5 931
8 4 47
7 7 324
6 0 392
1 16 438
9 2 797
1 3 237
2 8 626
10 8 4
7 22 546
2 7 839
12 12 795
9 15 11
10 17 195
12 22 707
11 4 622
11 10 101
6 3 712
5 9 759
5 19 746
4 10 139
3 1 506
4 20 811
8 11 450
8
6 6 610
4 23 87
7 7 480
5 19 11
5 19 904
6 3 653
1 16 750
1 13 711
3 22 30
7 9 351
2 23 655
3 13 799
8 15 519
8 5 230
4 14 597
2 3 946
3
2 0 31
3 0 37
1 0 41
3 0 43
1 0 47
2 0 53
15
11 5 852
7 20 763
8 20 281
9 3 868
2 12 12
6 2 614
5 22 37
2 15 81
12 18 234
13 22 718
15 5 265
11 4 955
1 9 372
8 4 101
4 1 296
5 12 239
6 7 801
15 4 563
12 3 641
3 12 444
3 8 357
10 21 296
14 16 608
10 21 236
1 11 391
7 22 586
13 13 381
9 22 722
14 8 102
4 22 762
2
2 0 940
2 16 383
1 8 274
1 8 939
15
2 18 202
9 5 879
1 16 568
7 20 907
6 7 200
5 21 436
10 13 866
11 3 369
3 18 894
13 13 849
9 17 70
3 9 247
2 20 253
15 21 736
14 6 222
12 0 450
1 19 122
6 12 925
15 14 775
4 16 179
4 12 862
12 10 760
11 12 503
8 23 379
5 1 159
14 22 892
13 15 622
8 6 757
7 19 627
10 23 771
10
2 6 595
10 21 686
1 21 74
3 1 129
2 10 797
4 15 416
3 2 516
5 13 436
4 4 920
6 3 935
5 14 814
7 3 191
6 1 132
8 20 325
7 1 92
9 13 619
8 12 271
10 13 560
9 1 341
1 21 213
12
6 16 660
12 6 950
10 23 69
9 14 442
12 1 974
8 6 830
11 10 310
11 6 208
8 7 863
7 4 116
3 16 347
4 13 19
5 6 805
10 22 10
1 9 173
2 22 875
7 8 607
3 19 13
4 0 914
1 14 468
2 22 83
6 16 886
9 10 414
5 17 757
9
7 22 794
2 3 5
4 5 631
6 18 705
9 14 484
5 20 164
6 5 803
5 16 274
1 14 456
7 23 82
8 5 189
4 5 8
3 12 345
3 3 975
9 6 617
1 14 707
2 22 886
8 6 505
12
2 8 352
12 14 834
1 12 463
3 13 291
2 15 288
4 21 306
3 15 469
5 8 644
4 22 132
6 22 716
5 5 919
7 19 724
6 11 38
8 19 776
7 10 272
9 2 253
8 16 122
10 17 467
9 17 696
11 14 252
10 12 13
12 15 693
11 17 813
1 16 524
8
2 4 14
7 22 646
7 3 916
5 20 553
6 17 898
4 13 525
5 12 321
2 6 546
8 3 85
8 10 9
4 6 21
1 3 333
3 17 312
3 1 416
1 0 21
6 8 20
2
2 4 34
2 12 669
1 18 715
1 11 906
8
4 1 416
7 15 687
1 9 847
6 8 365
6 1 885
4 19 299
5 8 389
3 13 855
1 13 91
7 8 198
8 11 427
8 19 597
3 21 27
5 20 987
2 16 185
2 11 956
14
7 2 31
12 11 16
4 5 7
14 3 807
13 18 16
4 6 730
6 6 604
2 15 877
3 1 449
9 1 965
10 8 8
10 18 295
2 8 171
3 12 494
11 5 933
5 7 455
7 22 440
11 5 101
14 5 15
5 21 8
8 6 388
1 13 13
9 11 87
1 9 476
8 6 360
12 5 230
13 20 929
6 19 845
15
8 22 692
3 9 73
3 22 545
4 19 958
1 11 924
2 5 429
2 9 611
13 6 950
6 4 336
14 23 934
15 3 244
5 5 205
13 8 164
11 16 400
1 11 532
12 10 930
11 21 312
10 0 183
14 6 654
9 15 199
7 4 678
9 17 435
8 6 153
15 3 310
4 23 345
7 9 420
5 8 211
10 18 428
12 11 154
6 3 439
13
12 2 51
8 18 319
9 16 860
11 3 197
5 9 106
7 13 5
7 0 498
13 8 362
2 12 455
6 15 186
13 18 14
1 2 450
8 18 771
10 0 169
3 4 57
5 0 211
1 1 154
3 9 824
11 20 448
2 3 211
4 10 42
12 0 606
6 13 344
9 4 531
10 9 526
4 11 412
15
13 11 726
12 5 662
1 0 873
14 5 568
6 2 542
4 11 16
10 23 361
12 12 23
8 13 186
10 5 214
11 4 710
4 8 817
1 11 961
8 0 149
15 9 291
14 8 723
15 16 155
2 20 872
3 1 326
13 11 325
9 20 717
3 15 111
2 9 33
6 1 974
7 22 166
5 6 438
5 16 5
9 0 453
7 6 811
11 22 526
14
9 18 21
14 14 826
10 11 645
7 23 119
14 22 774
6 11 231
5 6 583
13 14 344
11 13 9
3 8 165
1 4 109
2 23 725
11 12 147
4 17 423
6 11 285
1 8 624
8 23 802
13 9 573
2 8 634
8 4 123
12 5 271
7 20 761
9 16 249
4 9 392
12 15 243
3 2 279
10 17 490
5 1 491
14
14 10 676
2 6 336
1 11 286
9 8 99
10 9 330
11 0 496
6 6 846
6 12 769
4 23 447
12 19 749
8 8 878
13 13 269
1 2 213
9 16 419
3 4 175
2 17 640
7 17 640
8 6 54
11 15 347
5 6 917
12 4 855
4 20 639
5 17 714
10 21 778
14 6 1
3 20 803
7 6 703
13 16 774
14
2 9 482
3 14 286
3 23 288
4 7 348
4 8 539
5 20 124
5 4 806
6 6 553
6 11 839
7 19 440
7 16 33
8 8 793
8 1 896
9 2 386
9 18 949
10 13 353
10 10 590
11 5 561
11 22 656
12 5 493
12 2 190
13 12 971
13 23 247
14 7 372
14 15 588
1 0 850
1 9 419
2 21 103
3
2 15 292
3 0 99
1 20 286
3 17 449
1 9 287
2 19 17
15
2 16 176
15 8 176
1 1 320
3 17 942
2 2 1
4 17 72
3 0 244
5 6 129
4 10 159
6 6 916
5 0 775
7 19 750
6 17 149
8 16 591
7 5 214
9 17 366
8 10 569
10 5 705
9 14 161
11 22 298
10 23 693
12 18 611
11 7 158
13 21 20
12 10 19
14 9 220
13 10 603
15 12 216
14 0 923
1 15 868
4
2 13 905
3 6 116
3 17 785
4 18 803
4 20 447
1 7 598
1 5 770
2 8 819
4
2 6 229
2 13 867
3 18 356
4 21 142
1 11 634
4 12 716
1 22 685
3 11 600
9
2 17 19
2 2 543
3 3 196
3 16 101
4 13 263
4 22 39
5 17 236
5 19 413
6 17 747
6 8 750
7 15 281
7 5 610
8 23 296
8 9 936
9 6 535
9 8 785
1 3 7
1 7 920
12
6 12 609
7 7 512
1 6 50
9 5 260
11 12 201
10 5 341
3 21 455
9 13 214
6 12 428
4 21 302
11 14 477
8 6 548
2 14 59
8 6 739
5 21 844
12 3 963
10 23 442
5 0 469
12 23 159
2 10 438
1 17 14
4 22 160
3 8 361
7 5 584
10
2 8 957
10 0 839
1 23 424
3 0 20
2 8 526
4 6 611
3 14 281
5 6 737
4 2 461
6 3 130
5 20 294
7 10 75
6 14 22
8 10 174
7 19 248
9 12 242
8 8 963
10 11 291
9 2 319
1 19 514
14
2 23 227
2 0 613
3 19 22
3 12 10
4 11 569
4 21 870
5 8 973
5 23 15
6 19 582
6 12 632
7 8 661
7 23 556
8 3 444
8 8 373
9 10 907
9 17 908
10 2 97
10 7 54
11 22 33
11 9 197
12 23 23
12 0 51
13 11 679
13 1 91
14 11 242
14 19 443
1 10 512
1 4 105
6
2 2 155
2 6 95
3 14 254
3 7 764
4 19 490
4 18 746
5 5 735
5 19 739
6 10 556
6 18 363
1 3 290
1 17 966
4
2 0 11
3 0 11
1 12 11
4 6 11
1 12 11
4 6 11
2 18 11
3 18 11
10
2 6 322
3 23 505
3 23 203
4 20 847
4 15 397
5 4 434
5 22 77
6 20 329
6 19 22
7 5 143
7 16 346
8 21 924
8 23 876
9 3 267
9 17 78
10 10 814
10 21 233
1 5 598
1 3 156
2 10 851
15
2 7 23
2 12 227
3 19 626
3 1 553
4 1 160
4 8 79
5 4 82
5 16 846
6 9 352
6 17 108
7 13 25
7 12 14
8 11 10
8 2 3
9 9 99
9 3 574
10 21 558
10 7 183
11 18 59
11 1 100
12 20 908
12 6 100
13 17 880
13 14 436
14 18 578
14 12 442
15 20 840
15 19 901
1 20 70
1 9 455
7
7 17 17
6 15 895
5 12 969
4 4 16
7 10 303
2 7 814
1 9 832
3 18 806
3 8 20
6 3 388
1 3 22
4 16 402
2 12 1
5 2 842
9
2 3 579
5 19 554
1 23 558
6 15 534
6 6 727
7 19 529
9 15 637
7 18 161
1 23 883
8 3 220
2 2 592
3 1 538
4 12 869
3 6 134
5 16 321
9 2 913
8 3 211
4 6 907
13
6 14 256
4 21 71
10 17 934
3 11 680
7 16 880
8 18 198
2 18 837
7 10 82
4 9 747
8 20 677
1 6 422
11 21 5
5 12 947
10 0 169
5 16 478
12 21 897
11 4 305
13 12 253
6 16 6
12 16 422
2 1 599
9 5 752
13 23 746
9 3 248
1 12 806
3 11 486
5
3 20 973
5 3 340
4 9 159
4 19 333
1 16 932
2 18 85
5 9 418
2 18 805
3 0 401
1 16 77
5
2 7 448
2 9 598
3 6 734
3 14 295
4 19 39
4 11 583
5 20 739
5 13 825
1 18 199
1 4 244
15
11 13 691
13 3 280
3 9 365
12 18 643
1 21 683
6 13 774
10 15 271
9 2 151
14 12 898
1 1 766
9 22 789
3 15 138
15 9 932
6 11 494
4 12 591
10 18 827
12 12 111
13 1 549
5 5 742
14 12 285
7 16 747
15 7 625
7 4 54
5 15 845
8 19 80
11 20 271
2 0 931
8 19 138
4 0 840
2 7 513
15
12 13 19
4 2 652
14 18 380
8 11 682
1 20 413
15 23 132
11 11 896
2 22 206
1 16 20
13 4 281
9 19 381
9 5 517
3 18 294
15 17 470
6 11 627
11 22 870
2 2 118
12 17 258
7 6 858
7 12 574
5 13 795
8 3 55
10 13 511
13 10 444
14 15 962
6 20 66
4 3 777
5 16 131
3 21 529
10 8 493
15
9 18 923
4 11 708
10 16 636
12 1 686
10 0 425
7 10 805
5 15 487
8 21 754
1 5 681
6 1 157
9 3 287
11 16 962
13 23 914
12 19 198
2 21 893
11 10 50
1 5 595
6 1 265
4 10 33
3 18 438
15 10 216
8 14 697
2 6 662
5 20 246
3 22 59
14 2 449
13 8 685
15 14 453
14 2 137
7 3 467
6
4 14 437
3 9 169
4 21 614
5 6 785
1 12 677
6 18 22
1 16 916
2 4 576
6 20 139
2 2 677
3 14 387
5 9 604
15
2 11 409
13 21 952
9 7 804
6 21 528
11 13 540
4 11 863
1 9 59
6 13 368
8 11 635
1 0 670
10 18 719
12 19 795
2 18 676
12 7 67
15 12 931
15 15 595
4 12 270
14 9 441
13 15 558
5 22 724
9 23 804
14 6 346
8 18 403
3 1 287
5 12 59
11 17 834
3 3 778
10 17 495
7 12 244
7 8 827
14
2 4 951
3 10 263
3 12 921
4 13 323
4 9 265
5 18 43
5 17 97
6 6 182
6 0 44
7 17 37
7 0 75
8 8 426
8 19 13
9 5 356
9 21 453
10 5 817
10 2 805
11 0 68
11 9 579
12 19 263
12 22 574
13 13 357
13 7 404
14 19 326
14 5 333
1 21 945
1 23 617
2 4 927
14
2 14 194
3 1 414
3 22 740
4 22 346
4 0 334
5 14 613
5 22 244
6 9 292
6 0 833
7 20 341
7 0 392
8 16 543
8 2 920
9 22 455
9 2 964
10 8 127
10 10 409
11 23 292
11 8 83
12 14 348
12 19 682
13 13 895
13 17 152
14 4 228
14 14 378
1 0 690
1 14 662
2 20 592
4
2 8 787
3 6 484
1 16 52
4 20 638
1 14 257
4 1 49
3 7 517
2 12 917
2
2 1 27
2 10 788
1 4 797
1 22 257
4
2 9 822
2 13 844
3 23 14
3 15 7
4 3 382
4 14 485
1 18 702
1 13 946
2
2 0 2
2 3 2
1 3 2
1 6 2
14
9 11 22
4 23 14
10 22 20
1 13 194
8 10 616
7 5 879
13 20 754
13 19 66
3 1 526
8 6 149
7 16 513
14 3 586
3 18 15
1 18 944
9 3 295
2 19 887
14 7 23
6 0 220
2 0 6
6 8 18
5 6 623
12 12 614
4 16 21
11 13 651
10 2 11
12 7 919
5 22 81
11 12 715
14
2 9 130
3 2 938
3 14 200
4 15 681
4 19 116
5 3 374
5 13 284
6 17 231
6 16 578
7 8 90
7 5 966
8 10 158
8 6 139
9 0 834
9 16 637
10 20 496
10 10 496
11 0 584
11 18 528
12 10 543
12 22 939
13 13 472
13 11 71
14 21 365
14 9 384
1 23 879
1 23 604
2 3 38
8
4 23 551
6 22 430
1 16 948
8 7 65
6 11 19
8 5 372
2 9 497
7 18 160
4 18 430
7 6 219
1 2 166
3 17 352
5 18 882
5 3 355
2 13 962
3 20 186
2
2 15 2
2 21 2
1 0 2
1 18 2
14
2 2 150
2 19 525
3 15 287
3 0 184
4 19 749
4 15 268
5 3 361
5 21 324
6 23 19
6 21 205
7 1 55
7 17 690
8 6 254
8 9 560
9 19 199
9 8 394
10 6 928
10 19 326
11 20 503
11 2 709
12 3 14
12 2 891
13 8 418
13 6 17
14 4 409
14 19 745
1 20 585
1 8 37
13
12 10 614
9 11 19
8 15 168
13 8 292
9 16 15
12 23 226
10 21 778
11 19 496
13 12 618
8 2 836
1 14 485
7 22 183
10 13 615
2 4 964
11 9 597
4 18 247
1 14 755
3 20 453
6 14 844
4 4 428
5 23 948
5 7 728
6 17 666
3 5 245
7 14 953
2 9 818
14
2 1 728
14 23 863
1 6 968
3 4 927
2 11 114
4 15 953
3 13 12
5 21 562
4 19 7
6 5 688
5 11 76
7 20 413
6 6 607
8 15 579
7 13 69
9 23 286
8 12 791
10 7 628
9 15 620
11 8 845
10 17 493
12 6 23
11 11 926
13 18 244
12 6 871
14 7 163
13 0 176
1 17 607
6
4 21 535
4 18 695
6 3 332
3 17 169
1 21 564
5 17 105
6 3 75
3 7 654
2 11 784
2 10 425
1 0 130
5 22 166
15
2 14 466
15 20 177
1 8 39
3 19 713
2 10 100
4 16 572
3 16 483
5 11 468
4 11 575
6 23 181
5 8 179
7 3 594
6 10 643
8 23 718
7 13 3
9 18 177
8 15 912
10 2 116
9 21 549
11 5 644
10 21 64
12 18 6
11 18 7
13 13 111
12 5 178
14 7 686
13 13 521
15 11 452
14 16 116
1 15 247
3
2 21 355
2 3 15
3 4 558
3 17 683
1 22 574
1 5 620
15
2 11 247
15 15 818
1 16 694
3 14 427
2 19 92
4 11 496
3 5 177
5 22 785
4 11 432
6 19 640
5 17 205
7 17 89
6 14 402
8 14 885
7 20 401
9 22 546
8 23 454
10 16 110
9 4 448
11 3 201
10 13 192
12 8 8
11 6 5
13 23 832
12 14 732
14 20 336
13 5 752
15 15 846
14 18 835
1 3 702
15
14 14 578
15 2 704
1 9 9
12 19 712
5 20 264
13 16 234
10 11 196
3 20 419
15 5 496
3 18 432
12 9 9
13 20 489
2 9 608
8 8 110
4 12 9
11 0 864
2 3 310
7 18 13
8 13 348
11 10 1
6 9 7
7 13 883
10 7 81
1 13 332
6 6 881
9 13 799
5 2 12
9 14 434
4 11 11
14 9 256
2
2 5 503
2 13 866
1 16 671
1 10 458
7
2 23 652
3 21 75
5 5 55
4 18 107
6 6 695
1 7 495
3 0 126
2 17 37
7 9 165
7 8 82
1 7 101
4 0 958
6 11 298
5 19 810
7
6 2 551
7 3 89
3 19 748
4 14 810
4 20 186
2 20 887
5 23 765
3 10 938
6 2 271
7 9 832
1 7 607
5 11 783
1 2 463
2 0 604
15
14 8 19
8 11 433
15 7 601
13 4 976
6 20 15
13 15 334
8 13 3
7 1 964
2 2 858
3 6 317
9 13 424
5 13 810
1 11 18
10 3 477
12 16 994
11 5 11
10 14 619
12 14 789
7 18 166
11 6 365
5 0 675
14 14 773
2 14 544
9 9 807
4 19 444
15 1 613
3 19 287
6 17 218
4 2 4
1 12 670
4
3 12 35
4 17 888
3 11 791
4 2 649
1 14 258
2 8 538
1 5 58
2 21 61
4
4 9 190
4 21 216
1 13 653
3 21 475
2 12 144
2 2 138
1 17 77
3 4 887
15
2 22 2
15 14 454
1 16 188
3 3 572
2 12 958
4 16 304
3 21 209
5 21 242
4 18 345
6 9 520
5 18 548
7 7 670
6 17 500
8 3 682
7 23 48
9 0 445
8 15 913
10 12 328
9 21 312
11 16 212
10 15 842
12 1 967
11 2 163
13 21 13
12 12 1
14 12 943
13 0 491
15 20 32
14 18 75
1 8 703
9
5 20 122
9 7 33
9 6 6
8 19 551
8 19 4
6 17 899
3 1 193
2 18 804
6 14 868
7 5 633
4 5 754
4 4 255
1 3 1
1 13 429
7 14 14
3 19 335
5 9 13
2 10 803
15
15 7 549
9 22 55
12 2 6
15 17 217
6 5 22
8 20 189
5 4 567
7 11 723
3 3 410
3 17 594
1 6 708
10 23 7
2 9 6
4 18 12
13 10 410
10 11 562
11 3 21
7 4 169
14 10 22
4 22 243
13 3 809
6 14 20
14 13 617
9 21 378
1 1 196
8 2 6
5 13 144
2 7 732
11 15 3
12 19 190
10
2 13 812
3 8 792
10 10 547
6 7 40
6 23 10
1 9 840
9 11 3
3 10 154
2 9 21
8 3 149
1 15 182
8 15 7
5 11 12
4 21 878
9 8 368
4 19 300
7 16 244
10 15 513
7 13 18
5 3 99
15
9 20 747
11 9 549
8 4 379
1 15 380
9 7 60
15 22 320
15 10 637
2 20 526
12 22 160
7 9 419
3 11 804
11 22 71
2 6 361
8 17 806
1 17 104
13 3 977
13 0 189
12 20 113
6 0 701
3 18 524
14 15 664
5 5 853
4 18 193
4 17 368
7 8 8
14 15 221
5 11 597
6 2 87
10 9 900
10 3 562
6
3 1 360
2 6 773
6 21 98
4 14 595
1 1 50
5 1 693
2 2 973
1 12 30
4 20 498
6 19 481
3 20 531
5 22 756
13
10 13 714
7 18 557
8 16 204
1 7 105
7 10 116
13 19 396
3 5 198
5 10 269
3 12 732
4 17 685
9 0 902
8 3 315
11 16 685
2 5 959
9 5 426
4 3 912
11 6 489
2 22 202
13 0 727
12 5 745
1 10 575
5 9 165
6 19 124
6 9 135
12 21 518
10 8 619
8
2 15 537
3 6 239
3 9 165
4 23 181
4 1 289
5 19 833
5 23 476
6 4 665
6 9 816
7 15 316
7 23 595
8 10 120
8 22 766
1 14 599
1 18 249
2 0 154
15
2 17 887
2 10 198
3 18 562
3 7 81
4 20 815
4 12 169
5 9 389
5 17 92
6 15 16
6 5 19
7 5 744
7 22 790
8 1 742
8 11 926
9 14 655
9 0 71
10 14 583
10 10 976
11 6 594
11 0 132
12 22 796
12 11 851
13 12 425
13 4 67
14 17 518
14 3 121
15 13 904
15 6 809
1 15 8
1 5 2
6
3 18 302
4 1 965
6 14 564
4 23 54
5 0 378
2 5 955
6 6 813
1 7 194
1 1 453
3 19 726
2 17 52
5 18 170
12
2 23 636
3 7 696
3 11 683
4 11 768
4 0 237
5 10 384
5 17 124
6 9 927
6 17 328
7 8 507
7 6 206
8 21 704
8 19 400
9 7 745
9 3 845
10 6 954
10 22 861
11 4 241
11 8 717
12 23 385
12 5 623
1 8 845
1 2 149
2 8 582
3
3 12 8
2 3 675
3 10 2
1 4 446
2 6 860
1 18 159
7
2 21 559
7 16 103
1 9 132
3 6 90
2 14 528
4 2 833
3 22 249
5 5 360
4 21 290
6 12 346
5 5 728
7 12 28
6 2 52
1 22 229
14
8 4 903
3 8 324
8 7 515
4 5 477
1 18 901
12 20 447
11 19 948
2 6 336
2 21 21
6 1 266
7 12 115
13 2 180
14 22 726
10 8 583
1 7 541
6 19 477
3 0 499
7 15 94
5 0 766
14 14 346
13 13 278
5 5 930
9 20 67
4 7 960
12 16 465
11 13 902
10 19 114
9 3 77
12
2 1 730
6 12 561
1 17 295
7 16 101
6 16 947
12 5 956
7 3 803
11 1 11
9 6 385
10 19 120
1 5 53
3 2 701
2 1 646
4 15 363
11 7 331
9 21 208
8 0 690
5 11 798
5 2 363
12 19 647
4 1 721
8 10 114
10 17 419
3 19 29
15
7 0 390
11 12 278
11 4 561
1 21 336
9 19 703
14 7 822
1 21 566
9 22 378
4 23 926
8 8 484
13 20 678
10 15 168
4 1 104
2 3 542
13 4 627
14 14 895
5 15 14
15 18 741
8 20 356
15 13 337
7 14 828
2 9 474
6 13 657
3 5 91
5 13 584
12 13 639
10 18 184
12 8 455
3 1 729
6 7 586
14
2 13 276
3 22 132
3 5 292
4 2 173
4 17 511
5 7 760
5 5 843
6 16 89
6 10 16
7 5 433
7 0 904
8 6 315
8 16 336
9 7 282
9 6 387
10 11 637
10 22 22
11 4 938
11 1 379
12 21 682
12 8 245
13 1 782
13 3 525
14 11 360
14 11 764
1 21 570
1 16 109
2 8 860
13
6 6 459
11 7 264
5 19 43
7 8 164
12 2 293
2 12 30
2 13 283
13 23 232
9 22 463
3 8 849
1 0 768
3 18 948
9 1 216
8 5 329
12 14 301
10 20 340
13 14 177
11 2 562
7 9 886
5 16 599
10 6 561
1 11 805
6 2 235
8 4 227
4 4 378
4 17 271
11
2 17 21
8 5 358
1 21 974
11 10 972
6 9 59
1 2 161
2 22 652
5 9 951
7 11 956
10 19 930
9 13 56
8 23 99
4 7 357
11 2 442
7 15 10
3 16 851
10 23 10
6 18 321
3 13 12
9 11 669
4 5 728
5 15 122
11
8 10 586
2 22 288
11 3 928
6 6 415
1 17 681
6 14 606
9 0 80
7 16 920
10 13 821
3 13 235
2 10 67
5 17 80
4 6 201
11 17 17
9 20 6
4 19 506
3 20 427
8 5 133
1 21 717
7 14 937
5 13 429
10 20 664
9
4 22 796
5 5 305
7 17 344
7 12 155
9 21 142
2 6 767
6 8 840
1 14 550
3 23 480
4 20 207
1 14 11
5 13 57
8 5 336
8 0 741
9 11 802
3 2 473
2 15 839
6 20 690
14
14 20 188
4 16 268
11 11 854
10 1 541
7 18 927
2 15 168
1 10 417
10 3 83
1 19 243
2 20 128
12 0 304
14 22 547
5 0 33
6 22 12
9 10 719
11 21 387
13 22 334
5 8 235
8 5 512
13 22 739
3 17 407
8 2 12
7 22 553
4 18 325
6 11 780
9 19 388
3 8 42
12 13 272
4
2 22 166
4 12 753
3 21 769
1 16 543
1 10 934
4 3 540
3 15 377
2 16 331
