100
20
1
123
301100
010000
011
021000
101000000
0200210
000100001
521100000
1050722
100010000
11111
0100
1111
1111111
01
322100000
0031
621000000
100000
010000000
110
81565033
0200
010
511432
000000110
322110000
110000000
010100000
036561884
001000010
000010001
001000100
521000000
1100
100000100
431000000
110000
011000000
111
421100000
10000
100
010010000
01000
001001000
000101000
111111111
1100000
222100000
12020
1021111
000010010
000110000
000100010
010001000
11111111
000001010
001000001
54052
100001000
1000
100000000
001010000
0100000
01001301
000001001
000011000
1331
001100000
578996051
11000000
000010100
10
000100100
000001100
010000010
321100000
11000
010000100
01000000
100000001
11
51023
111111
020301200
100000010
000000101
010000001
0144
000000011
100100000
321000000
100212
1000000
3365240
10000000
