100
20
1
123
4410
110
00203
02001
02101
22513
01040
10000
1111
20021
20003
21101
003
111
01010
002
100
00101
00401
01012
41000
0112
11
11512
10100
1002
12011
102
0101
00005
1100
0300
022
10003
00022
021
30100
232
01001
120
43144
20002
22100
20101
1021
020
00013
1003
01000
20030
3100
20000
4122
21100
4222
0012
0202
40000
13100
1011
10010
21002
001
01100
11000
0013
10
300
11100
030
101
11200
00110
01103
01
31100
11010
0004
0100
00011
0220
1000
011
2110
1200
010
03200
2000
1101
01021
1012
11111
00010
0120
15335
0210
10001
