100
42
11
1
2018
45030
47507
48996
54538
3
70433
33499
4992
74059
92846
88299
59960
11272
100000
73710
4
25324
8092
26193
50425
766
78458
99659
10646
2801
75229
4288
47946
84583
19015
71288
37327
82905
17768
5591
31944
99999
54863
84814
62435
28692
56946
83532
2040
28755
96118
8
18212
91430
37238
2
95
40378
16203
22726
78219
69159
53416
25203
62621
74003
5891
29831
18027
65543
7718
19505
91281
83565
58546
40099
90446
71229
36617
81430
59890
70990
77158
91473
4472
5
76815
11305
7
9
36843
79249
31326
6
4293
49138
54592
72221
10
8520
88259
