100
42
11
1
2018
35997
83157
96304
90886
92334
4
21046
79027
98629
97457
94721
49259
9918
77863
7485
94011
60874
19857
67511
25666
59714
25148
3853
44562
24021
32171
1383
41992
63198
95489
3790
49334
48704
38433
47152
98421
94726
35935
40965
85224
24766
15722
77308
6
95
43290
28502
12496
46891
10
24109
98187
78406
93540
72728
23081
7897
68023
26250
2
75486
81418
90995
6705
99999
36859
8
82646
58541
68880
51952
14641
1286
6706
85599
7
5
18004
29575
58525
78344
791
9
39459
20041
45068
98044
68629
36794
38499
62351
30890
18681
100000
3
5559
